Day  1  5 fishes 2,3,2,0,1,
Day  2  6 fishes 1,2,1,6,0,8, fish 3
Day  3  7 fishes 0,1,0,5,6,7,8, fish 4
Day  4  9 fishes 6,0,6,4,5,6,7,8,8, fish 0, 2
Day  5 10 fishes 5,6,5,3,4,5,6,7,7,8, fish 1
Day  6 10 fishes 4,5,4,2,3,4,5,6,6,7,
Day  7 10 fishes 3,4,3,1,2,3,4,5,5,6,
Day  8 10 fishes 2,3,2,0,1,2,3,4,4,5,
Day  9 11 fishes 1,2,1,6,0,1,2,3,3,4,8, fish 3
Day 10 12 fishes 0,1,0,5,6,0,1,2,2,3,7,8, fish 4
Day 11 15 fishes 6,0,6,4,5,6,0,1,1,2,6,7,8,8,8,
Day 12 17 fishes 5,6,5,3,4,5,6,0,0,1,5,6,7,7,7,8,8,
Day 13 19 fishes 4,5,4,2,3,4,5,6,6,0,4,5,6,6,6,7,7,8,8,
Day 14 20 fishes 3,4,3,1,2,3,4,5,5,6,3,4,5,5,5,6,6,7,7,8,
Day 15 20 fishes 2,3,2,0,1,2,3,4,4,5,2,3,4,4,4,5,5,6,6,7,
Day 16 21 fishes 1,2,1,6,0,1,2,3,3,4,1,2,3,3,3,4,4,5,5,6,8,
Day 17 22 fishes 0,1,0,5,6,0,1,2,2,3,0,1,2,2,2,3,3,4,4,5,7,8,
Day 18 26 fishes 6,0,6,4,5,6,0,1,1,2,6,0,1,1,1,2,2,3,3,4,6,7,8,8,8,8,
Day 19 29 fishes 5,6,5,3,4,5,6,0,0,1,5,6,0,0,0,1,1,2,2,3,5,6,7,7,7,7,8,8,8,
Day 20 34 fishes 4,5,4,2,3,4,5,6,6,0,4,5,6,6,6,0,0,1,1,2,4,5,6,6,6,6,7,7,7,8,8,8,8,8,
Day 21 37 fishes 3,4,3,1,2,3,4,5,5,6,3,4,5,5,5,6,6,0,0,1,3,4,5,5,5,5,6,6,6,7,7,7,7,7,8,8,8,
Day 22 39 fishes 2,3,2,0,1,2,3,4,4,5,2,3,4,4,4,5,5,6,6,0,2,3,4,4,4,4,5,5,5,6,6,6,6,6,7,7,7,8,8,
Day 23 41 fishes 1,2,1,6,0,1,2,3,3,4,1,2,3,3,3,4,4,5,5,6,1,2,3,3,3,3,4,4,4,5,5,5,5,5,6,6,6,7,7,8,8,
Day 24 42 fishes 0,1,0,5,6,0,1,2,2,3,0,1,2,2,2,3,3,4,4,5,0,1,2,2,2,2,3,3,3,4,4,4,4,4,5,5,5,6,6,7,7,8,
Day 25 47 fishes 6,0,6,4,5,6,0,1,1,2,6,0,1,1,1,2,2,3,3,4,6,0,1,1,1,1,2,2,2,3,3,3,3,3,4,4,4,5,5,6,6,7,8,8,8,8,8,
Day 26 51 fishes 5,6,5,3,4,5,6,0,0,1,5,6,0,0,0,1,1,2,2,3,5,6,0,0,0,0,1,1,1,2,2,2,2,2,3,3,3,4,4,5,5,6,7,7,7,7,7,8,8,8,8,
Day 27 60 fishes 4,5,4,2,3,4,5,6,6,0,4,5,6,6,6,0,0,1,1,2,4,5,6,6,6,6,0,0,0,1,1,1,1,1,2,2,2,3,3,4,4,5,6,6,6,6,6,7,7,7,7,8,8,8,8,8,8,8,8,8,
Day 28 66 fishes 3,4,3,1,2,3,4,5,5,6,3,4,5,5,5,6,6,0,0,1,3,4,5,5,5,5,6,6,6,0,0,0,0,0,1,1,1,2,2,3,3,4,5,5,5,5,5,6,6,6,6,7,7,7,7,7,7,7,7,7,8,8,8,8,8,8,
Day 29 73 fishes 2,3,2,0,1,2,3,4,4,5,2,3,4,4,4,5,5,6,6,0,2,3,4,4,4,4,5,5,5,6,6,6,6,6,0,0,0,1,1,2,2,3,4,4,4,4,4,5,5,5,5,6,6,6,6,6,6,6,6,6,7,7,7,7,7,7,8,8,8,8,8,8,8,
Day 30 78 fishes 1,2,1,6,0,1,2,3,3,4,1,2,3,3,3,4,4,5,5,6,1,2,3,3,3,3,4,4,4,5,5,5,5,5,6,6,6,0,0,1,1,2,3,3,3,3,3,4,4,4,4,5,5,5,5,5,5,5,5,5,6,6,6,6,6,6,7,7,7,7,7,7,7,8,8,8,8,8,
Day 31 81 fishes 0,1,0,5,6,0,1,2,2,3,0,1,2,2,2,3,3,4,4,5,0,1,2,2,2,2,3,3,3,4,4,4,4,4,5,5,5,6,6,0,0,1,2,2,2,2,2,3,3,3,3,4,4,4,4,4,4,4,4,4,5,5,5,5,5,5,6,6,6,6,6,6,6,7,7,7,7,7,8,8,8,
Day 32 88 fishes 6,0,6,4,5,6,0,1,1,2,6,0,1,1,1,2,2,3,3,4,6,0,1,1,1,1,2,2,2,3,3,3,3,3,4,4,4,5,5,6,6,0,1,1,1,1,1,2,2,2,2,3,3,3,3,3,3,3,3,3,4,4,4,4,4,4,5,5,5,5,5,5,5,6,6,6,6,6,7,7,7,8,8,8,8,8,8,8,
Day 33 93 fishes 5,6,5,3,4,5,6,0,0,1,5,6,0,0,0,1,1,2,2,3,5,6,0,0,0,0,1,1,1,2,2,2,2,2,3,3,3,4,4,5,5,6,0,0,0,0,0,1,1,1,1,2,2,2,2,2,2,2,2,2,3,3,3,3,3,3,4,4,4,4,4,4,4,5,5,5,5,5,6,6,6,7,7,7,7,7,7,7,8,8,8,8,8,
Day 34 107 fishes 4,5,4,2,3,4,5,6,6,0,4,5,6,6,6,0,0,1,1,2,4,5,6,6,6,6,0,0,0,1,1,1,1,1,2,2,2,3,3,4,4,5,6,6,6,6,6,0,0,0,0,1,1,1,1,1,1,1,1,1,2,2,2,2,2,2,3,3,3,3,3,3,3,4,4,4,4,4,5,5,5,6,6,6,6,6,6,6,7,7,7,7,7,8,8,8,8,8,8,8,8,8,8,8,8,8,8,
